669.8754
958.8664
683.0624
1270.9241
1039.7747
763.5832
887.7329
1016.3404
725.8682
1597.8576
1359.4715
588.4688
710.9191
1525.3333
997.5890
458.9648
1535.1953
991.2779
1495.4919
621.9294
1296.7287
1165.8608
703.2079
1961.1320
1393.0820
743.4558
1060.1826
1060.9422
703.1978
671.3464
1025.8526
1332.9797
1630.6367
886.0856
1658.0544
1045.1410
563.7461
1264.5189
1029.7283
1260.5762
1058.2321
1247.8951
1960.4625
2100.7156
1338.9942
1605.2245
998.1411
802.6572
729.9331
1022.0036
1054.4128
1262.6926
558.1516
1322.0085
928.8426
602.9683
1265.5776
1496.6009
1254.7368
540.6383
1365.2114
891.9208
808.6433
1465.3533
1007.8844
1668.9443
1250.4571
1135.5845
1196.4654
1318.4745
1151.8207
1594.3362
859.5174
2411.7419
1115.7926
832.3062
1241.1561
942.6056
1520.8860
998.6397
837.2038
1307.4156
1370.6759
939.5497
601.5807
630.3026
1217.5487
1539.9291
1199.0365
2070.7688
