187.9064
377.1401
224.6553
282.9231
280.1466
572.7785
174.0855
187.0046
201.2448
261.9440
466.8305
146.5804
129.9246
245.7556
286.1247
507.2841
404.2461
178.8079
162.0843
263.5092
340.0682
151.9858
325.3830
297.6192
346.1319
156.3605
214.9166
211.8805
248.2588
168.0506
424.8054
186.2418
228.1915
198.5648
256.7107
146.0308
281.9853
379.6375
399.0571
195.0800
296.0265
155.4961
347.7655
379.4703
139.4990
301.7094
362.2312
159.6639
291.3064
264.9299
360.2162
249.3094
164.1865
316.3047
269.3095
345.4681
362.7780
414.5676
283.7761
197.0695
334.3296
187.1399
209.5758
220.4612
215.8326
361.6088
263.6373
254.5650
205.0251
82.8136
449.9565
195.8569
277.5022
270.4863
305.0305
225.1996
345.4164
151.4921
299.2975
302.8348
113.9080
127.6801
210.1061
214.1748
330.9503
197.6804
245.2338
501.8774
322.9969
312.0469
