   1.6971890e+00   1.9880557e+00   3.2098068e+00   3.6938769e+00   1.9958066e+00   3.0267678e+00   9.9611555e-02   1.9821857e+00   3.3838394e+00   3.8295501e+00   7.7200823e-01   8.1100985e-01   3.1226901e-01   4.7746430e+00   1.0897497e+04   1.2387622e+04   1.7440225e+01   3.0409103e+01   4.6782256e+00   1.4236958e+00   1.3847607e+00   2.8231283e-03   3.3919136e+00   3.0729791e-01
   1.7017367e+00   1.9975108e+00   3.1979574e+00   3.7199917e+00   1.9926364e+00   2.9826535e+00   1.0087134e-01   2.0088137e+00   3.3776185e+00   3.7820022e+00   7.7141442e-01   8.1064080e-01   3.1624666e-01   4.7396191e+00   1.1014815e+04   1.2366866e+04   1.7738236e+01   3.0619371e+01   4.6759289e+00   1.4406595e+00   1.3731885e+00   2.8444591e-03   3.3790574e+00   3.1001175e-01
   1.6909494e+00   2.0172022e+00   3.2159680e+00   3.6738330e+00   1.9815740e+00   2.9818235e+00   9.9357638e-02   1.9952805e+00   3.3673033e+00   3.8245757e+00   7.7346330e-01   8.0382391e-01   3.1315831e-01   4.7058184e+00   1.0942515e+04   1.2460375e+04   1.7485954e+01   3.0845295e+01   4.6958770e+00   1.4437905e+00   1.3958609e+00   2.8545912e-03   3.3891202e+00   3.0904208e-01
   1.7116767e+00   2.0072512e+00   3.1900707e+00   3.6643583e+00   2.0162935e+00   3.0007162e+00   9.9974942e-02   1.9907533e+00   3.4226940e+00   3.7934725e+00   7.6442642e-01   8.1681842e-01   3.1447187e-01   4.7331875e+00   1.0858776e+04   1.2435337e+04   1.7590998e+01   3.0906982e+01   4.7033612e+00   1.4213502e+00   1.3885372e+00   2.8423662e-03   3.4288957e+00   3.1092312e-01
   1.6861067e+00   2.0194864e+00   3.1917028e+00   3.7368284e+00   2.0087795e+00   3.0184663e+00   1.0013747e-01   1.9933169e+00   3.4099448e+00   3.8400809e+00   7.6814350e-01   8.1289955e-01   3.1072907e-01   4.7790525e+00   1.0907928e+04   1.2399563e+04   1.7400847e+01   3.0512523e+01   4.7436097e+00   1.4390141e+00   1.3769580e+00   2.8611717e-03   3.3739513e+00   3.0590802e-01
   1.7084453e+00   1.9905746e+00   3.2028957e+00   3.6907292e+00   2.0121773e+00   3.0166508e+00   1.0023630e-01   2.0163274e+00   3.4115759e+00   3.8155354e+00   7.6740616e-01   8.1750430e-01   3.1369850e-01   4.7922951e+00   1.0960073e+04   1.2418529e+04   1.7548737e+01   3.0962774e+01   4.7527748e+00   1.4322806e+00   1.3873134e+00   2.8212822e-03   3.4082661e+00   3.0811228e-01
   1.7138994e+00   1.9854574e+00   3.1784068e+00   3.6885058e+00   2.0058780e+00   2.9923362e+00   9.9059222e-02   2.0018218e+00   3.3974721e+00   3.8170571e+00   7.7716870e-01   8.0204744e-01   3.1259498e-01   4.7615591e+00   1.0915221e+04   1.2345259e+04   1.7411118e+01   3.0787353e+01   4.7307699e+00   1.4296641e+00   1.3921600e+00   2.8127538e-03   3.4132432e+00   3.0821144e-01
   1.6845705e+00   1.9949712e+00   3.2074497e+00   3.7014479e+00   1.9900166e+00   2.9974873e+00   9.9706487e-02   2.0035626e+00   3.3810414e+00   3.8006127e+00   7.6249873e-01   8.0293091e-01   3.1125871e-01   4.7013607e+00   1.1001013e+04   1.2323360e+04   1.7685743e+01   3.0439526e+01   4.7449085e+00   1.4306656e+00   1.3719498e+00   2.8300539e-03   3.3941274e+00   3.0943476e-01
   1.6882808e+00   2.0137405e+00   3.2250005e+00   3.6973324e+00   1.9972044e+00   2.9850879e+00   1.0005115e-01   1.9898119e+00   3.4013561e+00   3.7952003e+00   7.6351301e-01   8.1582139e-01   3.1046524e-01   4.7267770e+00   1.0945184e+04   1.2331083e+04   1.7714962e+01   3.0935277e+01   4.7381983e+00   1.4371479e+00   1.3830867e+00   2.8577013e-03   3.4245174e+00   3.0872470e-01
   1.6999177e+00   2.0043041e+00   3.2267618e+00   3.6822926e+00   1.9849087e+00   3.0059467e+00   9.9808235e-02   1.9982657e+00   3.3874288e+00   3.7895440e+00   7.7058211e-01   8.0777640e-01   3.1148184e-01   4.7803847e+00   1.0989525e+04   1.2280046e+04   1.7624357e+01   3.0629113e+01   4.7641313e+00   1.4191522e+00   1.3931964e+00   2.8196291e-03   3.4168996e+00   3.0710109e-01
   1.6918174e+00   2.0106253e+00   3.1757865e+00   3.7089170e+00   1.9867125e+00   3.0086106e+00   1.0072695e-01   2.0114559e+00   3.4338477e+00   3.8104378e+00   7.6630812e-01   8.0906878e-01   3.1476641e-01   4.7468423e+00   1.0881603e+04   1.2488155e+04   1.7563827e+01   3.0655006e+01   4.7111362e+00   1.4226959e+00   1.3806587e+00   2.8511666e-03   3.3848397e+00   3.0533211e-01
   1.7166672e+00   1.9829225e+00   3.2056117e+00   3.7259396e+00   1.9890294e+00   2.9734076e+00   1.0060613e-01   1.9960105e+00   3.4298395e+00   3.8234961e+00   7.7550708e-01   8.0451435e-01   3.1165406e-01   4.7145490e+00   1.0871077e+04   1.2506749e+04   1.7523616e+01   3.0757409e+01   4.6970490e+00   1.4431387e+00   1.3700142e+00   2.8679947e-03   3.4053115e+00   3.1022287e-01
   1.6965608e+00   1.9987718e+00   3.2169358e+00   3.7319684e+00   2.0029442e+00   3.0129644e+00   1.0092423e-01   2.0136962e+00   3.3911129e+00   3.8476419e+00   7.6958419e-01   8.0984554e-01   3.1550130e-01   4.7846364e+00   1.1053693e+04   1.2309343e+04   1.7707578e+01   3.0705031e+01   4.7277949e+00   1.4464233e+00   1.3790472e+00   2.8355604e-03   3.3725715e+00   3.0561377e-01
   1.6937074e+00   1.9875513e+00   3.1959958e+00   3.7258581e+00   2.0011657e+00   2.9781829e+00   9.9477531e-02   1.9873517e+00   3.3723389e+00   3.8078366e+00   7.7288783e-01   8.0748963e-01   3.1393886e-01   4.7563809e+00   1.1020724e+04   1.2298451e+04   1.7654067e+01   3.0588888e+01   4.7069334e+00   1.4257734e+00   1.3897255e+00   2.8648508e-03   3.3687990e+00   3.0787345e-01
   1.7101955e+00   2.0143119e+00   3.2292329e+00   3.7043718e+00   2.0116262e+00   2.9716646e+00   9.9131034e-02   2.0062133e+00   3.3752810e+00   3.8044794e+00   7.7478640e-01   8.1331967e-01   3.1531783e-01   4.7459629e+00   1.1051448e+04   1.2403849e+04   1.7580232e+01   3.0540033e+01   4.6847794e+00   1.4279901e+00   1.3708549e+00   2.8265426e-03   3.4210290e+00   3.1047126e-01
   1.7062940e+00   2.0017552e+00   3.2211320e+00   3.6761264e+00   1.9980611e+00   3.0236665e+00   9.9276156e-02   1.9847292e+00   3.4066470e+00   3.8467859e+00   7.6587585e-01   8.1194543e-01   3.1652104e-01   4.7303569e+00   1.0983446e+04   1.2463469e+04   1.7660896e+01   3.0821719e+01   4.7602703e+00   1.4356930e+00   1.3781075e+00   2.8483415e-03   3.3810122e+00   3.0671951e-01
   1.7050029e+00   2.0082377e+00   3.1856151e+00   3.7164924e+00   2.0063978e+00   2.9909140e+00   1.0037094e-01   2.0150104e+00   3.4196680e+00   3.8332617e+00   7.7391260e-01   8.1552705e-01   3.1417869e-01   4.7674386e+00   1.0844867e+04   1.2480464e+04   1.7604190e+01   3.0488088e+01   4.7570865e+00   1.4336640e+00   1.3945694e+00   2.8516185e-03   3.4332557e+00   3.0496638e-01
   1.6878937e+00   2.0027737e+00   3.1722838e+00   3.6783661e+00   1.9828042e+00   2.9948040e+00   9.9577855e-02   2.0056724e+00   3.3965606e+00   3.7833137e+00   7.6902462e-01   8.1434467e-01   3.1312596e-01   4.7193301e+00   1.0925145e+04   1.2269335e+04   1.7454206e+01   3.0870050e+01   4.7233591e+00   1.4387653e+00   1.3754760e+00   2.8316171e-03   3.3984414e+00   3.0631444e-01
   1.7014868e+00   1.9921193e+00   3.1683745e+00   3.7138306e+00   2.0198868e+00   3.0278278e+00   1.0045036e-01   2.0184182e+00   3.4142178e+00   3.8358542e+00   7.6465600e-01   8.0649039e-01   3.1195939e-01   4.7534925e+00   1.1039697e+04   1.2355477e+04   1.7478790e+01   3.0717622e+01   4.7194380e+00   1.4452179e+00   1.3820805e+00   2.8377688e-03   3.4174943e+00   3.0652022e-01
   1.7123706e+00   1.9814237e+00   3.1825403e+00   3.6691910e+00   2.0142106e+00   3.0099171e+00   1.0055660e-01   1.9813340e+00   3.4252016e+00   3.8542989e+00   7.7660051e-01   8.0583535e-01   3.1566063e-01   4.7102319e+00   1.0974672e+04   1.2445492e+04   1.7509222e+01   3.1010473e+01   4.6886249e+00   1.4272051e+00   1.3861548e+00   2.8147866e-03   3.4030522e+00   3.0974305e-01
